(87, 23.88118811881188)
(25, 23.80808080808081)
(23, 23.872549019607842)
(17, 23.839285714285715)
(5, 23.889908256880734)
(69, 23.89090909090909)
(49, 23.86868686868687)
(73, 23.885416666666668)
(83, 23.90909090909091)
(15, 23.926315789473684)
(81, 23.87878787878788)
(1, 23.85981308411215)
(97, 23.831460674157302)
(41, 23.8141592920354)
(53, 23.862745098039216)
(39, 23.9010989010989)
(71, 23.795698924731184)
(89, 23.902912621359224)
(95, 23.854166666666668)
(21, 23.902912621359224)
(67, 23.9126213592233)
(51, 23.844660194174757)
(7, 23.869565217391305)
(79, 23.9)
(45, 23.831683168316832)
(91, 23.869918699186993)
(59, 23.849462365591396)
(37, 23.92792792792793)
(9, 23.88118811881188)
(75, 23.84259259259259)
(61, 23.9126213592233)
(43, 23.91346153846154)
(99, 23.91089108910891)
(31, 23.916666666666668)
(85, 23.86111111111111)
(3, 23.86)
(11, 23.894736842105264)
(19, 23.892857142857142)
(65, 23.918367346938776)
(13, 23.899159663865547)
(27, 23.92920353982301)
(29, 23.864864864864863)
(57, 23.9)
(35, 23.923076923076923)
(63, 23.962616822429908)
(55, 23.910112359550563)
(33, 23.903225806451612)
(77, 23.962616822429908)
(93, 23.90909090909091)
(47, 23.9375)
