(49, 23.855855855855857)
(39, 23.861386138613863)
(69, 23.92222222222222)
(95, 23.8659793814433)
(17, 23.864077669902912)
(59, 23.823529411764707)
(61, 23.833333333333332)
(3, 23.862745098039216)
(1, 23.864864864864863)
(81, 23.85576923076923)
(51, 23.89108910891089)
(25, 23.891304347826086)
(29, 23.91)
(33, 23.904347826086955)
(71, 23.853211009174313)
(7, 23.834862385321102)
(57, 23.896551724137932)
(63, 23.854166666666668)
(41, 23.897435897435898)
(21, 23.853932584269664)
(19, 23.891666666666666)
(93, 23.91)
(47, 23.872340425531913)
(97, 23.90625)
(79, 23.82608695652174)
(43, 23.903846153846153)
(53, 23.876288659793815)
(15, 23.936842105263157)
(9, 23.88888888888889)
(75, 23.895833333333332)
(23, 23.893805309734514)
(13, 23.864077669902912)
(91, 23.876404494382022)
(99, 23.87735849056604)
(45, 23.87878787878788)
(27, 23.86813186813187)
(65, 23.94392523364486)
(73, 23.871559633027523)
(87, 23.897196261682243)
(77, 23.95098039215686)
(89, 23.9009009009009)
(11, 23.896551724137932)
(85, 23.956043956043956)
(55, 23.92105263157895)
(67, 23.90625)
(31, 23.88095238095238)
(37, 23.9468085106383)
(83, 23.92222222222222)
(5, 23.923809523809524)
(35, 23.932038834951456)
