(10, 23.86868686868687)
(86, 23.846153846153847)
(18, 23.8018018018018)
(82, 23.852631578947367)
(50, 23.855555555555554)
(94, 23.914893617021278)
(44, 23.88888888888889)
(80, 23.846153846153847)
(48, 23.942528735632184)
(2, 23.876190476190477)
(6, 23.87735849056604)
(76, 23.85217391304348)
(100, 23.87719298245614)
(62, 23.925619834710744)
(54, 23.9375)
(60, 23.866666666666667)
(46, 23.9)
(38, 23.876543209876544)
(20, 23.918181818181818)
(8, 23.87962962962963)
(4, 23.893617021276597)
(42, 23.880434782608695)
(90, 23.858585858585858)
(26, 23.910569105691057)
(14, 23.870967741935484)
(30, 23.90625)
(68, 23.892857142857142)
(70, 23.905982905982906)
(64, 23.921348314606742)
(78, 23.945652173913043)
(96, 23.92222222222222)
(40, 23.887931034482758)
(28, 23.894736842105264)
(12, 23.91919191919192)
(72, 23.858823529411765)
(24, 23.94736842105263)
(92, 23.840425531914892)
(88, 23.92391304347826)
(34, 23.956989247311828)
(74, 23.877777777777776)
(56, 23.86021505376344)
(58, 23.903225806451612)
(98, 23.882978723404257)
(32, 23.91304347826087)
(84, 23.875)
(16, 23.892857142857142)
(66, 23.916666666666668)
(52, 23.89516129032258)
(22, 23.93421052631579)
(36, 23.887755102040817)
